48.5147
52.6229
58.4494
61.737
64.9133
65.7383
67.1938
69.1492
67.2807
68.8574
69.6733
69.7094
68.903
69.1677
69.7157
70.4992
72.0507
71.5168
70.8768
70.9858
72.685
71.8245
71.963
71.0446
70.9743
72.6299
73.4996
73.9585
71.6217
72.6534
72.6534
72.2239
72.2239
72.7876
72.2318
72.4234
72.5684
72.6683
72.2318
72.1516
74.2544
73.215
73.215
74.5932
73.5712
74.2805
75.1166
74.9659
73.3234
73.3234
73.6205
74.3372
73.8196
73.6493
74.0933
74.0933
73.9651
74.0768
74.643
74.5776
74.5683
74.0593
73.2264
73.6313
74.1653
74.1653
74.1625
73.8474
73.4591
74.0525
75.9058
75.0407
75.4572
76.4497
74.5264
73.5331
74.2415
74.2415
74.9609
75.431
75.3906
74.7369
74.6463
75.323
75.3127
75.8323
76.5326
75.7062
74.8884
74.7433
74.7433
74.8587
75.1752
76.7099
76.5135
75.8256
75.7941
76.0829
75.4965
75.6754
74.9008
75.1024
75.9089
76.3133
76.2885
76.8842
76.9583
76.2702
76.1433
76.6898
76.6898
76.5456
76.5456
76.2038
76.2697
75.5699
75.6837
76.0412
76.1275
76.7008
76.0958
77.4901
77.4423
77.2401
77.2901
77.6189
76.8457
76.2918
76.4176
76.4176
76.3798
76.522
76.5596
76.6617
76.7563
76.8866
76.8866
76.8921
77.3525
77.1648
76.5842
76.2793
77.0089
77.1709
77.9608
79.1502
77.9842
77.0683
76.9224
76.9685
76.9685
77.6295
78.3505
78.3458
77.9325
78.2167
76.7485
77.5771
78.524
77.8919
77.0466
77.9131
77.9131
76.7624
77.4738
77.2436
77.2542
78.0572
77.885
77.8655
77.8704
77.8704
77.8706
78.2196
77.9158
77.5194
76.7858
76.7189
77.5214
78.0842
77.2313
76.8236
77.5975
77.5975
77.3983
77.3983
80.5495
78.0465
78.2425
78.7438
78.7901
77.9731
77.5323
77.7948
78.0612
78.4342
78.5773
78.3015
78.2045
78.2872
78.4816
78.0747
77.7711
78.6626
78.9402
79.7498
78.9395
78.6028
77.3523
77.6064
79.128
78.8072
78.5347
78.7049
79.0252
79.5326
79.2888
78.9707
78.4624
78.0026
77.4636
78.163
78.0203
77.5823
78.2875
78.1647
78.6438
79.7871
78.3236
78.1784
77.912
77.912
77.5153
77.5153
78.9726
78.8298
79.0367
79.2271
78.8167
79.2397
79.4398
79.7427
79.0489
79.3336
79.5552
78.9829
78.9354
78.735
78.7921
79.2427
79.2054
78.8963
79.6279
79.7313
79.7206
79.6882
79.6571
80.4089
79.1418
79.2549
80.0811
80.0811
80.0009
78.8952
79.2049
78.9266
78.4852
79.4616
79.7167
78.3087
78.5768
79.0788
78.9415
79.2787
79.3279
79.4108
79.7326
79.7326
79.5613
81.9421
79.6601
79.6601
79.833
80.0004
80.0168
80.5801
79.9331
79.609
79.6085
78.9808
78.5407
79.179
79.9167
79.7877
79.3425
79.7052
79.7663
79.6723
79.6723
79.0718
79.4809
79.4785
79.7175
79.1934
78.9527
80.2439
80.408
80.408
79.1257
79.1257
79.7173
79.6648
79.4644
79.4644
80.4348
80.5035
79.8359
79.8359
79.7574
79.929
80.9059
80.7726
79.6671
79.0789
79.5125
79.8004
79.8991
80.292
79.8347
79.3187
80.4353
81.0734
79.9151
80.3003
81.0505
81.144
80.0866
79.9678
79.8365
79.4987
79.6508
80.3786
80.4174
80.2672
79.8718
80.5042
80.5365
79.7271
79.8148
80.8885
80.9156
80.9156
81.074
80.7033
80.3246
80.4117
80.9131
79.997
78.5254
79.5536
80.0743
79.9063
79.7927
79.7259
80.0786
79.7245
80.2121
81.397
81.397
81.1502
80.9896
81.1502
78.6702
81.0865
80.7968
80.2006
80.7886
79.9584
80.7395
81.4308
80.0699
80.0699
80.3282
80.1476
80.2422
80.5501
80.6475
80.9721
80.8111
80.96
80.96
81.3425
81.8659
82.134
81.8435
81.5867
81.3119
81.0562
80.3952
80.6285
81.4808
81.6581
80.7683
80.519
81.1258
81.425
81.0627
80.5124
80.0737
81.131
80.2152
79.9419
80.288
81.7746
81.7746
80.393
80.9065
81.0348
81.6366
80.958
79.6597
80.968
81.3779
81.2632
80.7973
81.1037
81.1037
80.9871
80.332
81.1703
81.1703
80.3434
81.8595
81.0985
80.4782
80.5697
80.8794
80.9936
81.8677
81.8677
80.4159
81.3615
81.3615
81.0739
80.9224
80.8952
81.0338
80.0791
79.097
80.8976
81.0825
81.3158
81.7362
82.0417
81.6466
81.31
80.9329
82.1137
81.5743
81.0395
80.7967
80.0965
81.1844
81.0248
80.2158
79.2313
81.3204
80.8291
81.3912
82.6954
82.338
81.6476
81.2426
81.2426
80.627
80.3438
80.3438
80.6052
81.8964
81.7479
81.084
81.4284
81.6248
81.4717
81.7491
81.8058
81.4971
81.3246
81.7018
81.0072
80.7859
80.8854
80.8552
81.7907
81.5768
81.0696
81.5129
82.035
82.183
81.2062
81.2062
81.3817
80.9239
82.3075
82.3075
80.8989
82.1043
81.2173
81.0836
81.3265
80.95
80.8053
80.3249
80.3249
82.4285
82.177
81.4516
81.11
80.7607
81.6068
82
81.3129
81.3409
81.3409
82.0023
82.1061
81.2101
81.6063
81.7015
81.81
81.81
81.7703
81.7219
81.9873
81.9873
80.9265
81.129
81.5322
81.5214
81.4752
81.6812
81.9774
82.1565
81.5079
81.3677
81.1941
81.0196
81.6105
81.9126
82.2368
82.3825
82.2323
81.7829
81.9945
82.066
82.2297
82.5976
82.5976
82.3571
81.464
81.6975
82.0494
82.0494
82.509
82.4753
82.4348
82.3724
80.8732
81.3019
81.9407
82.0387
81.8735
82.2567
82.205
82.3651
82.6761
82.0286
82.0286
82.5513
82.5513
81.5873
82.0624
82.6433
81.9071
81.9418
82.2745
81.8673
82.229
81.9187
81.0949
81.493
82.2701
81.2851
81.8937
82.4004
81.7472
81.7472
83.1407
82.8643
81.5338
81.8021
82.649
81.9673
81.22
81.1874
82.1518
82.1518
81.7025
81.2908
82.3585
81.7732
81.5556
82.6627
83.0888
82.5193
82.18
82.2643
81.6604
81.6954
82.1433
82.3012
82.7564
82.7489
82.5698
82.5698
81.7741
81.579
82.109
81.6635
81.5803
82.3201
82.4612
82.4833
82.4833
82.9105
83.4596
82.2478
82.0699
81.6137
82.0668
82.0736
81.5702
81.8151
82.4752
82.7359
82.0501
82.0501
82.0514
82.3695
82.7141
82.5614
82.8504
82.8504
82.6847
82.0636
82.3704
82.8708
82.9277
82.36
82.1962
82.2799
82.0914
82.122
82.5452
82.7077
82.112
82.112
82.2456
82.2456
82.4328
82.7957
82.6509
82.0489
82.2611
82.4619
82.3756
82.6274
82.8126
82.3526
83.7567
83.5829
83.0002
82.5064
82.3535
82.9842
82.7668
81.9879
81.9627
81.8252
81.8946
82.6018
82.6018
82.553
82.2908
81.951
81.8452
81.8452
82.5644
82.5644
82.3264
82.3479
82.3479
82.8373
82.5647
82.0939
82.842
82.9296
81.9
82.5936
83.1059
83.2842
82.5981
82.7077
82.6114
82.7647
82.8141
82.5514
82.5514
82.7217
82.7217
83.0794
83.4456
82.4899
82.6153
82.5738
82.7016
82.6982
82.4494
82.6811
83.0858
83.2658
82.9507
82.9102
82.4187
82.4187
83.3325
83.4622
82.9615
82.2341
83.8282
83.8282
82.8382
83.1655
83.5741
84.6375
82.3731
82.3731
82.2644
82.8083
82.9332
82.6711
82.3509
82.3509
82.2979
83.0387
83.1936
83.1936
82.9734
82.6729
83.4252
83.4252
82.201
82.336
82.3414
82.5124
82.4478
82.8964
83.4305
83.2977
82.4049
82.6874
82.8845
82.8845
83.0534
82.6955
82.8614
82.6184
82.6104
83.56
82.7959
82.8357
83.6221
83.2429
82.9696
82.5839
82.4707
82.9135
83.1524
84.2025
83.6652
83.1097
84.1857
82.7675
82.7777
83.4273
83.3535
83.2153
83.42
83.9927
82.7392
82.5643
83.0448
83.2473
82.5745
82.2806
82.545
82.6032
82.7091
82.7091
82.7068
82.7803
83.7646
83.3125
83.3125
81.797
82.2656
82.3774
82.4631
82.9409
83.3329
82.6451
82.6451
83.572
83.5708
82.8969
82.8969
83.1764
83.4608
83.5093
83.3715
82.9826
82.8903
83.4291
83.6426
83.3747
83.3468
83.3468
85.1389
83.192
83.663
83.6685
83.1838
82.7383
82.4183
83.3717
83.3717
83.3991
83.6063
83.5833
82.7284
82.3044
84.1168
83.882
83.9168
83.6295
83.2191
83.6684
82.8656
82.6234
82.8456
82.8465
83.1897
83.1897
82.3881
82.9716
82.9716
83.8643
84.0495
84.0495
84.1272
82.8382
82.7111
82.9226
83.9107
83.9107
82.7739
83.1527
83.7407
83.9957
83.2971
83.2971
83.6714
83.2507
83.1655
82.9797
82.7293
82.5805
83.5039
83.5039
83.1194
82.5315
82.6189
83.8727
84.0488
83.0869
83.2381
83.5422
83.0109
82.6425
82.8067
83.1496
83.6351
84.149
83.7887
83.8514
83.8514
83.5559
83.4365
82.9973
83.1018
83.3177
82.6204
82.6204
83.1359
83.5277
83.6056
83.6202
83.8318
83.8318
83.7447
83.3845
83.3845
83.4878
83.7948
84.0583
84.3217
83.5646
83.1844
83.0928
83.2993
83.2238
83.7053
83.7053
83.8009
83.5658
83.1897
83.1055
83.2946
83.2353
82.9435
83.2728
83.1535
83.1535
83.1298
82.2836
83.3274
83.691
83.8138
84.0909
83.6465
83.4939
83.4939
83.5878
83.8146
83.6273
83.0252
83.2901
83.6323
84.3526
83.6243
83.6243
83.3656
83.0647
82.7022
82.7851
83.613
83.613
82.7687
82.7687
82.9898
84.4032
84.5331
83.7926
84.0096
84.1709
83.2852
83.6265
83.6265
83.0364
82.8628
82.8507
83.4194
83.7147
83.3534
83.9317
83.9317
83.4193
83.368
83.9194
83.9306
83.6661
83.8659
84.0765
82.7462
82.4772
83.9226
83.4151
83.2674
83.768
83.7169
83.2599
83.7004
84.1492
84.0951
83.6264
84.1472
83.4409
83.3517
83.497
83.9399
84.263
84.4096
84.4096
84.3087
83.9305
82.6964
83.1903
83.5932
83.9456
83.5455
83.5455
84.6212
84.8658
84.2806
84.0995
83.5987
83.7911
84.4801
84.6254
84.4895
84.013
84.2039
84.2039
84.2851
83.7747
83.9027
84.1619
83.5303
82.9647
84.431
84.6349
84.1752
83.7004
83.4122
84.1546
84.1546
83.4746
84.1569
83.9472
84.099
84.3422
83.4191
83.4191
83.9213
83.8805
83.7089
83.7089
84.2604
84.6896
84.4629
83.7081
83.7081
84.1704
83.2228
83.2228
83.9965
84.1618
84.0506
83.5304
84.1256
84.7084
84.5664
84.1988
83.967
83.6592
82.9271
83.2522
83.5972
83.8721
84.0468
83.4289
84.115
84.115
83.3987
83.7304
84.033
83.8328
83.5467
83.3356
83.6701
83.6063
83.2563
84.4266
84.2942
83.8277
83.9405
83.9099
83.5211
83.4239
84.332
84.3325
83.4369
83.6185
84.1845
84.4983
83.5251
82.556
83.7698
83.6191
83.6191
84.0781
83.9994
84.1153
84.5031
83.9719
83.9719
84.8562
83.8249
83.9864
83.9864
84.0095
84.3377
84.607
84.684
84.5934
84.4592
84.5392
84.0797
83.761
84.1646
84.4924
84.1713
83.9822
84.4013
84.1685
83.6329
84.2058
84.0778
84.0778
84.6869
84.8965
84.7031
83.6329
83.6329
83.9256
84.8564
84.0417
84.1194
83.6666
83.521
83.9001
83.9001
84.0497
84.5231
83.3737
83.0755
83.8292
84.4624
83.5251
83.6207
84.8706
84.2279
83.0773
83.0905
83.8618
84.4325
84.2175
83.8514
83.9154
84.096
83.9219
83.8423
84.2685
84.5666
83.2739
83.2739
83.9252
84.16
84.16
84.0552
83.8603
83.7789
84.0882
83.5702
83.6763
83.8425
83.2392
83.3857
83.3857
83.3703
82.9263
83.5422
84.9485
84.8027
84.323
84.2175
84.2109
84.1005
84.3381
85.0598
84.6344
83.8857
83.9992
83.9505
84.3241
84.7267
84.2159
84.0961
84.5213
84.4147
84.4943
84.4943
84.0954
84.1467
84.1486
84.0978
84.392
84.3138
83.7605
83.6969
84.416
84.8248
84.2566
84.1467
83.9639
83.9639
83.6824
84.0638
84.0638
84.4842
84.5877
84.4196
84.4196
84.1274
84.6073
84.1757
83.7243
83.561
83.3379
83.9891
84.3218
84.5815
84.3936
84.6362
85.1844
84.4074
84.4074
84.2752
84.2752
84.0664
84.3838
84.3038
84.3038
84.7867
84.0275
83.5575
83.8405
84.0191
84.0283
84.1136
84.1136
84.5318
84.834
84.5776
84.6429
84.9266
84.9266
84.6814
84.0452
84.4071
84.6215
83.8051
84.8405
85.264
84.5297
84.811
84.0617
84.1015
84.851
83.9854
83.8034
84.0723
84.7146
84.3766
84.0959
84.7188
84.6292
85.0478
85.0795
84.4674
84.3603
84.6935
84.5016
83.9308
83.9658
84.3104
84.0877
84.1071
84.1071
83.9006
84.4599
84.6211
85.112
84.5108
84.6208
84.8925
84.4475
84.4475
84.6609
84.4525
84.4295
84.4891
84.0085
84.6484
84.879
84.6777
84.5863
84.7087
84.8819
84.2921
84.2235
84.491
84.7995
84.7813
84.5299
84.6505
84.3612
84.2823
84.7244
84.4639
83.7692
84.2872
84.4317
84.4225
84.378
84.8184
85.3586
85.1137
85.3543
84.4836
84.6142
84.6142
84.1628
83.7996
84.3552
84.1403
83.676
83.9013
84.7076
85.2532
84.2515
84.15
83.9026
83.9887
83.9887
83.721
84.0966
84.6062
85.0037
84.893
84.2075
84.1451
84.4554
84.679
84.4319
84.4319
84.7167
83.8931
84.6895
84.6895
84.3122
84.1308
84.7227
85.5581
85.5478
85.4493
84.7792
84.6
84.6333
84.331
85.302
85.3725
84.8798
84.4953
84.2726
84.5713
84.9689
84.5906
84.2236
84.3977
84.517
85.1518
85.1518
84.1452
83.9346
86.3631
84.2237
84.7348
85.2176
84.7252
84.65
84.3346
84.2857
84.2857
84.5679
85.0643
84.9827
83.8499
83.9337
84.6085
84.6085
84.0362
84.1565
84.844
84.0331
83.7418
84.4372
84.8171
84.8171
84.5966
85.2263
85.2007
84.5349
84.023
84.0077
84.367
84.7134
85.6192
85.3769
85.2709
86.0233
85.2112
84.2888
84.5784
84.5784
83.8707
83.8707
84.7289
84.5281
84.7324
84.9153
85.9576
85.9576
85.4089
84.7725
84.1324
84.901
84.6169
84.7721
84.8226
84.175
84.4152
84.0035
83.878
84.7976
85.3296
85.1445
84.4609
84.8317
85.1126
84.0521
84.4297
84.6816
84.2084
85.1201
84.2529
84.1093
83.9581
84.0398
84.1792
83.8345
84.4587
85.0044
84.2715
84.6245
84.8546
84.8546
84.8932
84.6521
84.3728
84.0299
83.9282
83.922
83.8318
84.1992
84.6977
84.4533
85.3965
84.9614
84.5724
85.2407
84.9329
84.554
85.3215
85.397
85.0181
85.1443
84.8315
84.5838
84.5895
84.5407
85.2241
84.9331
84.9331
85.5272
84.9207
84.9726
85.2271
85.0206
84.8741
85.1415
84.9157
84.5795
84.2926
84.4387
85.3746
85.3746
84.1008
84.4262
84.6511
84.6511
84.6597
84.7959
85.1662
84.9002
84.9135
84.9135
84.6587
84.9776
85.2122
84.46
84.1222
85.0665
84.9384
84.5399
84.209
84.2108
84.2981
84.2275
84.2161
84.7075
85.0804
84.5911
84.3136
84.3114
84.1128
84.7902
85.2363
84.5631
85.1729
85.2124
85.2124
85.4083
85.5572
84.7825
84.6793
85.3378
85.4126
85.0316
84.7288
85.054
84.2625
84.2625
85.2277
84.7131
84.512
84.512
85.0218
84.9392
84.2333
84.4096
84.6048
85.5286
85.5223
84.3096
84.1381
84.9618
85.3811
85.0054
84.156
84.5039
86.024
84.7433
84.7967
84.7703
84.5115
85.5787
86.0524
85.9943
85.2217
84.9608
84.8519
84.8519
85.1014
84.7524
84.5633
85.7339
85.7296
85.1
84.7704
84.6214
85.5886
85.7892
85.0147
85.0212
83.9464
84.7118
85.0234
85.4356
85.4356
85.2855
84.7621
84.7621
85.0368
84.8167
84.3247
84.3945
84.8433
84.9072
84.2439
84.2439
85.4229
85.1926
84.9165
84.5924
85.0152
85.2024
85.049
84.9631
85.3361
85.2254
84.3275
84.531
84.7288
84.4797
84.4797
84.7795
84.9499
85.1091
84.7418
84.7418
84.6635
84.9072
86.1397
85.5348
84.7547
84.5577
85.1601
84.9449
84.6877
85.3548
84.2035
84.8167
85.4635
84.7804
85.2763
85.2653
85.2653
85.0444
83.7616
85.0369
85.3628
85.1727
85.2888
85.3906
84.778
85.1287
85.2034
84.7828
84.971
86.1551
85.1674
85.1674
85.3596
86.9138
84.6425
84.5038
84.5038
85.566
85.566
85.4617
85.1467
85.044
85.5042
85.5277
85.2232
85.2232
85.4985
84.6132
84.6502
85.0043
85.0043
85.6515
85.1917
85.3069
85.5799
85.7422
85.091
84.7376
85.1753
85.6322
85.5151
84.9591
84.9591
84.9678
84.9678
86.107
85.3264
84.9199
84.3556
84.3556
85.2012
84.4723
84.5622
85.1963
84.8491
84.9861
85.1087
85.0973
84.9818
85.395
84.8888
84.3512
84.8062
84.7706
85.7267
85.3797
84.1104
84.1873
84.8635
84.6715
84.6201
85.6195
85.7479
85.473
85.2758
85.9333
85.7594
85.4787
84.7921
85.0702
85.1335
85.3138
85.8322
85.5558
85.7903
85.8007
85.0632
84.9247
84.9247
85.0861
85.2485
86.0192
85.8306
85.4723
85.5428
84.5052
84.6338
84.6338
84.9951
85.0562
84.9097
84.9097
85.2259
85.2259
85.0107
85.1961
85.5648
85.5648
84.9252
84.6572
84.579
84.579
85.5666
86.0988
85.7526
83.4358
85.2151
85.7144
86.0188
84.9305
84.3405
85.013
85.6083
85.5698
86.0602
84.9641
84.7414
84.7414
84.9392
85.1985
85.9487
86.2901
85.3534
85.686
85.0348
85.1072
85.3708
84.8442
85.294
86.0409
85.7356
85.2149
84.9735
85.4507
85.0678
84.8539
85.0791
84.9472
84.9453
85.3907
85.4889
85.4888
84.9962
85.0464
85.2456
85.2456
85.2751
85.6847
85.3621
84.9909
84.3158
84.8408
84.969
85.1373
85.2985
85.1947
85.0122
85.2522
85.9349
85.2987
85.7097
85.0558
84.5013
85.262
85.5604
85.8793
85.8879
85.047
84.6891
84.6891
84.4365
84.7654
84.9739
84.9739
84.8127
84.8127
85.6823
85.4578
85.6533
85.9578
85.5275
85.5275
85.2537
85.5244
85.5805
85.5704
85.4132
85.5311
85.6984
84.3308
85.0553
85.6866
85.9233
85.7996
85.2039
85.8048
85.8048
85.5755
85.3781
85.3781
84.881
85.8659
85.2979
85.8316
85.8316
85.4699
85.9865
85.9865
84.4801
85.7474
85.5236
85.1969
85.5253
85.474
85.2898
85.5326
85.1021
84.5255
85.2391
84.9866
84.9866
85.5749
85.4295
85.1648
84.0999
84.9937
85.2831
85.6946
85.2161
84.195
84.236
85.4771
85.5943
84.7324
84.9048
85.3762
85.3234
84.8707
85.1399
85.3579
86.0372
86.0372
86.019
85.595
85.3836
85.3335
85.5946
85.5731
85.5731
86.0023
85.8863
85.1858
85.4927
85.3801
85.2729
85.5077
85.9273
85.5
85.1502
84.8731
85.6755
85.8662
85.689
85.3308
85.7475
85.8358
85.501
85.2521
85.7572
86.1605
85.6638
85.8278
85.2689
84.9667
85.6023
85.3426
85.0557
84.5824
84.5824
85.3093
85.4677
85.4677
85.5845
85.5845
85.4456
85.2028
86.0956
85.3174
85.1148
85.9714
85.6303
85.2504
85.6559
85.9365
85.722
85.8593
85.148
84.5633
85.5924
85.5924
85.8944
86.0977
86.5928
85.3781
85.1161
85.5708
85.4621
85.7089
85.7431
85.6602
85.8871
85.4747
85.1914
85.6371
86.2231
86.1829
85.8706
86.1234
86.0687
86.1691
85.4317
85.5049
85.7796
85.9081
85.9081
85.2399
85.2612
85.2612
85.0776
84.6537
84.9696
84.9717
85.1308
85.1308
85.0894
85.1944
85.3006
85.3006
86.1259
86.1978
85.6139
85.2094
84.7383
85.1154
84.9255
84.9255
85.245
84.7934
85.0128
85.3213
84.8709
85.3432
85.3927
85.5288
85.3934
84.8581
85.1222
85.6517
85.6517
85.4873
85.7837
85.2476
85.2152
85.9306
85.5092
85.7918
85.4656
85.4656
85.5331
85.5331
85.7371
84.8501
84.7668
85.2442
85.4958
84.4396
85.5332
85.7888
85.7888
85.8293
85.8773
85.5514
85.9702
85.9702
85.9611
86.2068
86.2068
86.0139
85.6511
84.955
85.3028
86.1166
85.2541
84.6035
85.5633
85.8162
85.5173
85.4059
85.4059
85.6843
85.6843
85.8598
85.9288
86.4313
85.711
85.3888
85.6549
85.2508
85.4105
85.683
85.4554
85.4554
85.2817
86.008
85.8222
85.1097
85.4073
85.4941
86.3921
86.5962
86.214
86.214
86.4226
86.4806
86.3467
85.9204
85.553
85.3265
84.753
85.6388
85.6388
85.5719
85.935
85.2333
85.0689
85.0689
84.8951
85.2007
85.2921
85.4056
85.4056
85.4891
85.035
84.6817
85.5366
85.7016
85.5974
84.9871
85.71
85.71
84.3615
84.4477
84.7271
84.799
84.8604
84.8819
85.5617
84.9315
84.5469
84.998
85.4195
85.2115
85.6174
85.7054
85.6386
86.2462
85.3788
85.6676
85.0079
84.7507
85.3867
85.7061
85.9296
85.9296
86.114
85.8681
85.6056
85.8251
86.0551
86.1989
86.0304
86.1738
85.6264
85.7975
85.7975
84.721
85.4494
85.4018
85.9614
86.3984
85.8727
85.8387
86.4883
86.5914
85.9412
85.8354
86.3457
85.9477
85.5768
85.7465
85.0195
85.0195
85.5785
85.501
85.5325
85.957
85.586
85.0599
84.7187
85.3659
84.9218
84.9218
85.3819
85.8415
86.0336
84.9921
84.7438
85.1608
84.9066
84.7535
85.429
86.3009
85.7315
86.1482
86.1482
85.6465
85.3321
85.8296
86.0915
85.4031
85.4896
85.5236
85.8246
85.6466
85.6513
85.3558
85.3558
85.1527
85.0925
86.3508
85.6359
85.4472
85.36
85.6719
85.9493
85.9149
86.1483
86.3968
86.3273
85.2797
85.044
86.3137
85.1654
85.6122
86.4921
85.3882
84.8012
84.3
84.4101
85.6437
86.1084
83.2489
85.6629
86.0272
86.511
85.6667
85.5745
85.6571
85.9171
85.9313
86.1235
85.8976
85.9638
86.4925
86.2463
85.6292
85.2945
85.6047
85.3911
84.9766
85.5786
85.7015
85.7632
86.2976
85.9292
85.9292
85.7757
86.4909
86.6317
85.8176
85.6065
85.5701
85.9785
85.6309
85.3455
85.5889
85.5889
85.4915
85.4841
85.4841
85.9221
85.6951
85.7201
86.1826
86.1826
85.8795
85.8042
85.5599
85.5599
85.974
86.4741
86.0001
86.0096
85.3316
86.7426
87.0046
86.3847
85.4564
85.0603
85.3838
85.796
85.4173
85.3098
86.2375
86.2877
86.018
86.0381
85.5845
86.1786
86.0647
85.7793
85.8739
85.5803
86.605
86.605
85.7653
85.4067
85.6513
86.8619
86.8769
86.3852
86.2825
85.9937
85.8544
85.8544
85.5268
85.5121
85.5269
85.8468
86.256
85.9629
85.4249
84.928
85.3935
84.7789
85.8828
86.1021
85.9897
86.1812
86.438
85.8871
85.8681
85.9533
85.6397
85.6397
86.328
87.0725
85.8866
84.5112
84.7933
85.5546
85.9169
85.7434
85.6625
85.364
85.4264
85.993
85.7164
85.6253
86.0767
86.2812
86.7222
86.346
85.0952
85.2799
86.1062
86.1293
86.449
86.5103
85.7144
86.339
86.4609
85.8111
85.7672
85.7849
85.8926
86.0273
86.6367
86.6643
86.4207
86.4207
85.4311
85.4311
86.2817
86.2211
85.1309
85.3858
85.9691
85.875
85.4374
86.2519
87.0728
86.5708
85.9368
85.3695
85.4009
86.0401
85.974
86.2488
86.584
86.5552
86.1685
85.1017
86.0762
86.0577
85.9706
86.2728
86.7248
86.6819
86.6243
86.0848
85.8325
86.1375
85.7144
85.7144
85.6544
85.6544
86.2718
85.6794
85.774
86.0813
86.021
86.1485
86.267
86.4116
86.5051
86.2391
86.8134
86.2448
86.2448
85.9285
86.1011
85.898
85.8403
85.7782
85.6706
85.82
86.3368
86.4327
86.0391
85.9345
85.7432
85.9234
86.3965
86.5688
86.371
85.5507
85.8956
86.0706
86.0207
85.7613
85.8545
86.3694
85.9537
85.9537
86.3689
86.3689
85.9045
86.2371
85.9237
85.5512
85.5512
85.8401
85.3945
85.4162
85.7186
85.9533
86.174
86.8827
86.6063
85.7828
85.9379
86.6257
86.0679
86.0679
86.2809
85.5264
85.7261
85.8253
86.0859
86.358
86.3825
85.3621
85.9022
86.7772
85.924
86.4508
86.1456
86.3519
86.6443
86.1174
86.1073
86.1339
86.0235
86.0235
85.8296
85.8296
86.5556
86.5556
86.2802
85.5635
85.5635
85.7239
85.269
85.4105
86.4655
86.3059
85.6376
85.559
85.5019
85.0392
85.2141
86.4451
86.6827
86.5152
86.4108
86.3069
86.292
85.915
84.7971
85.9631
86.423
86.4437
85.7023
85.9586
86.4503
86.4503
85.9208
86.3808
86.9006
86.9006
86.2428
85.4333
85.7081
86.1314
85.9099
85.7771
86.1766
86.7961
86.3596
86.4481
86.4807
85.5821
85.5368
85.4528
85.8045
85.8045
85.7759
85.9774
86.2355
86.4956
86.6749
86.4745
86.0039
86.3594
86.5414
86.4276
86.0679
86.3338
86.2321
85.6103
85.0993
85.0387
86.1676
85.7617
85.8483
86.3194
86.2311
86.2226
86.0473
86.2187
86.5413
86.5429
86.2391
85.6911
85.973
85.529
86.136
86.1808
86.0333
86.4197
86.165
86.5866
86.4661
86.0051
87.2531
86.8982
86.4835
85.6272
85.7187
86.2708
86.4593
86.5594
86.4884
86.1774
85.8457
86.2372
86.0085
85.7371
85.7926
85.7926
86.0822
85.7961
85.7901
86.1789
86.1789
85.7234
86.0131
86.3406
86.2537
85.5256
85.7264
85.7264
84.736
86.5642
86.4613
85.6863
86.4186
86.7461
86.8229
86.818
85.7916
85.7132
86.7709
87.052
86.3191
86.2689
86.2487
86.1269
86.7801
86.9029
86.7268
86.209
85.6229
85.7777
86.3127
86.3269
86.1842
85.9089
86.0591
86.0591
85.9533
85.4722
86.0037
86.9249
87.0858
87.3098
86.6446
86.0264
86.1379
85.6439
86.076
85.8324
85.6759
85.4113
85.7289
87.2417
87.3696
86.311
85.8418
85.8866
85.8866
85.9225
86.8103
86.8854
86.6439
85.7193
85.7058
86.2268
85.7411
85.7411
85.5643
86.255
86.8931
86.6615
86.3194
86.0149
86.2848
86.4158
86.5101
85.8068
86.6044
86.5406
86.1865
85.9439
85.842
86.1978
87.0984
86.5971
85.5094
85.4191
85.929
85.9859
86.8881
86.9093
86.3745
86.2389
86.5001
86.1908
86.504
86.504
86.0534
86.0534
86.671
86.4482
86.2801
86.4629
86.3499
86.8912
86.5943
86.281
86.8758
86.953
85.9306
86.7508
86.7571
86.2146
85.4715
85.7593
86.5114
86.617
86.4176
86.7144
86.7144
86.2441
86.2441
86.6054
86.4973
86.07
85.8438
86.9679
86.0758
86.0758
85.9785
86.7199
86.7199
85.6299
86.2644
86.2644
86.9697
86.7196
86.1844
86.2092
86.7898
87.1446
86.8349
86.3535
86.2129
86.2816
85.9163
86.4868
86.3079
86.1294
86.7581
86.7571
86.0721
86.7315
86.6795
85.4981
86.6995
86.7145
86.2462
86.4348
86.7252
86.6752
85.8811
86.425
86.9614
86.197
85.143
85.1008
85.9873
86.7106
86.6176
85.6945
86.1845
86.1845
85.5808
85.3265
85.6197
86.37
86.8166
86.3969
85.784
85.2719
85.9833
86.2967
86.2967
86.0471
86.0074
85.7498
86.0554
86.157
86.2508
86.0681
86.0619
86.4905
86.4897
86.4905
85.9942
86.9665
86.8435
86.1612
86.5002
86.5573
86.1179
86.7376
87.5528
86.3532
86.0974
86.0974
86.6951
87.03
86.985
86.3288
87.0524
87.0062
86.4141
85.9776
86.1008
86.229
86.1823
86.4651
87.4354
87.0068
86.0153
85.87
85.996
85.9114
86.5814
86.3469
86.4466
86.453
85.9089
86.858
87.0057
86.8567
86.2578
85.9829
86.25
85.9573
85.9573
86.2142
86.5652
86.5962
86.4908
85.813
86.5446
86.6513
86.6878
86.3302
85.9985
86.4618
86.5396
86.7191
86.5707
86.9304
86.0629
86.0629
86.4682
86.0229
87.0241
87.0241
86.3942
86.6507
86.6251
86.7554
86.613
85.4577
86.3614
87.3734
87.1521
86.1053
86.3692
86.6883
86.3238
86.6347
86.1404
85.7006
85.7006
86.0381
86.3845
86.0272
86.0272
86.1894
86.3609
86.3608
85.9255
86.7813
86.7346
86.2247
86.2247
87.6475
86.9658
86.4587
86.255
86.4622
86.5432
86.753
86.753
86.5817
86.8627
86.5629
86.4215
86.6721
86.2749
85.9063
85.9063
86.5943
86.5943
86.2804
86.9958
86.9958
87.2549
86.5429
86.4018
86.1202
86.7452
86.4513
86.1116
86.1951
86.0815
86.592
86.8528
86.0034
87.5662
87.5185
86.784
86.3383
86.3357
86.2009
86.7943
86.7943
86.4869
86.4633
86.4633
86.3227
86.3227
86.3431
86.3429
86.26
86.3451
86.5797
86.5678
86.5678
86.6551
86.8668
86.6759
85.9919
85.6505
86.0292
86.876
87.106
87.0981
86.7352
86.7676
86.7363
86.4993
85.9435
86.1351
86.5703
86.5703
87.4372
86.8148
86.2691
86.1826
85.9833
86.1996
87.0432
86.7381
86.6135
86.3816
86.3531
86.771
86.1696
86.2033
86.353
86.4092
85.7611
85.3858
86.4321
86.5493
86.5493
86.3901
85.949
86.7149
86.1531
86.4438
87.1716
86.5106
86.3905
86.9359
85.8926
86.0709
86.4304
86.6199
86.6146
86.2977
86.8825
86.9012
85.8904
86.181
86.181
86.3433
86.3433
86.7204
87.0706
87.1988
87.13
86.5065
86.5055
86.4302
86.1241
86.2317
86.7442
86.5353
86.5082
86.7095
86.0832
85.9783
86.6127
86.6127
86.1043
86.1043
86.5518
85.4131
85.7343
86.3656
86.904
86.559
86.337
86.5898
86.519
86.519
86.0833
85.8622
85.8622
87.2204
86.8787
86.7306
86.9169
86.2141
86.1317
86.3755
86.2837
86.3901
87.1091
87.2514
86.6352
86.2373
86.548
87.0851
86.9703
86.4999
86.9125
86.768
86.189
86.2975
86.7907
86.3401
86.6466
86.5651
86.5651
86.9775
86.6377
86.5667
86.1132
86.4669
86.8615
87.0317
86.8971
86.4594
86.6729
86.4843
86.2765
86.5806
86.6306
86.804
85.5295
87.3843
86.8147
86.3955
86.4739
86.4739
86.5164
86.3681
86.1445
86.5009
86.5853
86.7097
86.8105
87.5327
86.893
86.0792
86.2075
86.5341
87.0969
86.8824
86.8824
86.7944
86.6791
86.4834
86.3182
86.6113
86.2756
86.1032
87.0819
87.2104
86.7006
86.462
86.2187
86.9543
86.9543
86.8225
86.8402
86.8402
86.6898
86.8307
86.9749
87.0122
87.0122
86.9183
86.9183
85.986
85.986
86.0598
86.1907
86.7222
87.0121
86.4342
86.5603
86.6504
87.2659
86.7636
86.9668
87.3178
87.1004
86.0096
86.1981
86.7831
86.7064
86.6325
86.6325
86.7304
86.7395
86.6293
86.9382
86.4769
86.394
86.0599
86.157
86.157
85.8094
86.3143
86.6059
86.3001
86.3001
86.5333
86.2916
86.1874
86.7419
86.845
87.3382
87.3563
86.9174
86.9174
86.9267
86.1575
85.4697
85.7011
86.1029
88.0059
86.272
86.4667
86.8675
86.7265
86.4471
86.1505
86.4243
86.4243
86.2437
86.3181
86.7357
86.6193
85.9561
86.1098
86.5754
86.7216
87.0928
87.0928
86.4213
86.5248
86.8498
87.3874
86.5722
86.6698
87.0704
87.1206
87.0741
87.3906
87.1465
86.7059
86.771
86.7151
86.4596
86.8377
86.9892
86.3255
85.7923
86.5004
87.2113
87.114
86.3162
86.9607
86.9607
86.4331
86.257
86.257
86.3264
86.8036
86.8036
86.5841
86.6088
87.0806
85.8513
86.8762
87.0309
87.0003
86.8563
86.4721
86.6005
86.6619
86.5646
86.9032
86.9179
86.8149
86.8149
86.974
86.1598
85.7447
86.5478
86.8904
87.2158
86.651
86.6745
86.9215
86.8394
87.3496
87.179
87.0177
86.5493
86.3087
86.2309
86.1748
86.1748
86.16
86.4662
86.9112
87.2764
87.1027
86.1744
86.5904
87.3052
87.3052
88.2523
86.9079
86.9079
86.5924
86.4964
87.2103
87.2103
87.3713
86.6735
86.5042
86.7281
86.7248
86.6445
86.6783
87.0327
87.1217
86.9982
86.9718
86.9718
87.7042
87.4678
87.2321
86.9279
86.8044
86.6423
87.02
87.3323
87.3622
87.2906
86.0193
86.4819
86.9039
86.8711
86.5513
86.9705
87.1727
86.5941
86.7267
86.9925
87.1695
87.0382
86.8964
86.8894
86.6735
86.6735
86.7945
86.7261
86.7118
86.8613
87.2787
87.0447
86.7215
87.1541
87.154
87.154
87.2209
86.8779
86.4662
86.4662
87.3711
87.1094
86.7918
86.6294
86.3763
86.3763
86.4518
86.3097
86.772
87.0945
87.6003
87.2074
86.8404
86.8849
86.4352
86.5638
86.4449
86.4516
86.5903
86.5647
86.5431
86.9715
87.3767
86.8698
86.6944
86.7345
86.255
86.7799
86.7799
87.5548
87.7778
86.843
86.9442
87.0415
88.6598
86.4896
86.7651
87.0098
86.8204
86.5766
86.5148
86.8671
87.782
87.4525
87.4167
86.5251
86.2204
86.4611
87.0788
86.9702
87.0576
87.7062
86.5894
86.7448
87.4429
87.3443
87.2294
86.7896
86.8744
86.8744
86.4622
87.0105
87.3078
86.8288
86.578
86.6895
86.5426
87.0685
87.4126
86.721
86.3737
86.1428
87.2525
87.407
87.4002
87.2361
86.7929
86.5169
86.5169
86.512
86.2558
87.6658
87.5022
86.9535
86.9535
87.247
87.0135
86.7535
87.0558
86.9714
85.9782
86.9463
87.6149
87.1664
86.6671
86.6669
86.8946
86.4294
86.3446
86.8149
86.4075
87.2966
87.2966
86.9804
87.0437
86.8264
86.5757
86.5225
86.4834
86.4152
86.4612
86.3913
86.5501
86.8239
86.8098
87.0389
87.0389
87.6466
87.4962
86.6456
86.9998
86.0303
86.3404
85.969
86.884
87.2122
86.9553
86.9504
86.9918
87.1058
87.1058
87.1376
87.3106
87.3106
87.3635
87.0009
86.9275
86.9275
87.3761
87.294
86.9978
86.6257
86.6257
86.7452
86.7586
86.9945
87.619
87.2732
86.8795
86.4568
86.4568
87.4024
87.2452
86.6705
86.95
87.0277
87.0277
86.0891
86.92
87.2029
87.3261
87.3495
86.9401
86.9401
86.8823
87.3811
87.3477
87.1243
87.0469
86.7167
87.0216
86.9943
86.8247
86.7998
87.3901
87.0343
87.5045
87.5922
86.9694
86.1924
86.5981
87.4136
86.6459
87.0626
87.2396
86.5292
86.9832
86.9255
86.6837
87.2631
87.2631
86.9648
86.8403
87.2404
86.7451
86.4301
86.4103
86.6424
86.4938
86.8751
87.0948
86.5215
86.7481
87.2247
86.0434
86.5587
86.7823
86.9836
87.0576
86.6666
86.5013
86.586
86.8649
87.0987
86.9455
86.7147
86.7393
86.5665
86.5665
86.3442
88.4679
87.9129
87.574
87.3139
86.5657
86.5933
87.3583
87.1745
87.1745
86.9115
87.0573
87.1569
86.6251
86.7219
86.8513
86.9634
86.914
87.0564
87.3182
87.3182
87.4991
86.8582
85.9954
85.928
86.1375
86.4599
87.9545
87.4526
87.5146
86.9083
86.5231
86.5231
86.6977
87.2252
86.5635
86.4405
87.0123
87.248
87.4199
88.0937
87.1604
86.59
86.769
86.7971
87.3108
87.6206
86.3907
86.5021
87.4311
87.0464
86.9335
86.7553
86.687
86.9842
86.93
87.2086
86.8727
86.3189
86.463
86.8025
87.2055
86.7733
87.0955
87.5809
87.2884
87.4205
87.4573
86.5815
87.0812
86.5925
85.8057
86.5335
87.2215
87.7863
87.6062
87.3027
87.3027
86.7082
86.3394
87.0577
86.6646
87.0384
87.0384
86.6152
87.1949
86.7066
86.4823
87.758
87.5849
87.6459
86.3466
87.1877
87.5697
86.206
86.376
86.7789
87.1051
87.1051
87.5296
87.5296
87.9495
87.5694
87.466
87.1774
86.4598
86.3035
86.9977
87.1231
87.1197
87.2003
87.2708
87.3992
87.4589
87.2891
87.1762
87.0316
87.3872
87.4482
87.4335
87.8196
87.5489
86.75
86.75
87.0106
87.5264
87.2025
86.8464
87.1669
87.7741
87.5399
86.8424
86.969
87.1728
87.1728
86.4315
87.2281
87.4
87.0054
86.869
86.869
86.9139
87.1405
87.4853
87.0518
86.9431
86.8394
86.2491
86.9282
87.813
86.509
87.2335
87.191
86.9262
87.3949
87.3949
86.5731
86.2881
86.5778
87.0205
86.7542
87.0204
87.334
87.2403
87.2403
87.2964
87.2964
87.3007
87.1215
87.1647
87.1647
86.8274
87.0037
87.0037
86.7584
86.9541
87.2545
87.8221
87.8443
87.0878
87.0878
87.64
87.1644
87.1111
87.4136
87.9851
87.9851
88.0455
87.2945
87.0626
86.9179
87.1455
88.4741
87.2184
87.2184
87.0382
86.7142
87.1412
87.1412
87.2139
88.0716
86.9753
87.6607
87.6607
86.4133
86.4133
87.0866
87.3524
87.3543
87.5735
87.404
87.404
87.4094
87.3439
87.1959
86.9889
86.9889
87.1433
86.897
86.1982
87.2664
87.3629
87.1203
87.1203
87.0651
87.3498
87.3498
86.3702
87.4283
87.8445
87.1292
87.3142
87.4201
87.2346
87.2346
85.883
86.1164
87.3637
87.5371
87.5104
87.4477
87.5012
87.3393
87.3393
87.3353
87.0906
86.4817
87.3898
87.525
87.3628
86.9662
87.1721
87.1721
87.2514
86.6083
86.7974
87.5588
87.372
87.2797
87.2541
87.2945
87.2272
87.2032
86.4834
86.2391
86.2391
86.4428
86.5544
86.6705
86.6705
86.7971
86.7971
87.2226
87.7922
87.0994
86.7082
86.2462
86.5756
86.7757
86.6605
87.7819
86.6302
86.6302
86.6631
86.8243
87.0207
87.4929
87.5319
87.4662
87.0057
86.7372
86.8826
87.9641
88.0061
87.6711
87.6728
87.4173
86.8267
86.4527
86.7987
87.5703
87.5331
87.5331
87.6633
87.421
87.4044
87.0052
86.9534
87.1546
87.543
86.7452
86.4178
87.0234
87.8994
87.257
87.1539
87.6396
87.6023
87.3163
87.397
87.1764
87.1764
87.2663
87.7837
87.7753
87.3094
86.9124
86.9124
86.9653
87.2422
87.8365
87.4002
87.7023
87.2172
87.1843
88.1884
87.9006
87.7698
87.65
86.9873
86.7647
86.979
86.8839
86.7091
87.1873
87.2736
87.1573
87.0455
87.3115
87.2005
87.2005
87.0933
87.0933
86.8955
87.0974
87.086
86.6669
86.7961
86.5014
87.2087
87.5962
87.111
86.446
86.8716
87.1788
87.2267
88.0345
86.9854
86.9854
87.1359
86.8348
87.3361
87.2259
87.1441
87.1251
87.1251
87.2428
87.3594
87.9231
87.5195
86.8442
87.2165
87.5106
87.6649
87.4219
87.4219
87.8326
87.8326
86.3313
87.2137
87.3666
86.9301
87.5214
87.4579
87.3572
87.189
87.0144
86.6596
86.4719
86.1699
87.4613
87.3119
87.2277
87.2181
87.2181
87.2516
87.2049
87.0942
87.124
88.2405
88.1196
87.6939
87.6939
87.2101
86.5706
87.7716
87.3875
86.392
86.6805
86.5793
87.1703
87.7552
87.5499
86.9629
87.8654
87.6455
87.1472
87.3725
86.9475
86.8993
87.3898
87.4628
87.2907
87.6333
86.4097
86.6206
87.3817
87.2661
85.8207
87.0828
87.2321
87.6032
87.6884
86.5154
87.3789
88.2276
87.8077
88.0682
87.6822
86.5786
87.0818
87.1206
87.4388
87.5816
87.0606
86.9362
86.9362
87.0221
86.9575
87.4292
87.4867
87.2827
87.2827
87.2288
87.2288
87.6884
87.6884
86.9893
87.0328
87.9829
87.275
86.9989
87.5701
87.3556
87.1872
87.4249
86.9874
86.8344
86.9026
87.0675
87.2768
87.2768
86.5362
86.4058
86.7038
87.2567
87.2075
87.352
87.5932
87.0323
87.4176
87.4176
87.6057
87.6057
87.3881
87.8296
87.692
86.8905
87.9013
88.3769
88.0745
86.7544
86.2326
87.2023
87.2023
86.7612
87.3324
87.5108
87.6403
86.8603
87.082
87.5421
87.5421
87.568
87.4178
86.9735
87.6105
87.6139
87.5306
86.4394
86.414
86.414
87.0793
88.1175
87.6861
87.4176
87.6953
87.3761
86.8107
86.6856
86.9945