2.669921874999999778e-01
3.246093749999999778e-01
3.543945312499999778e-01
4.094726562500000111e-01
4.128906250000000111e-01
4.307617187500000222e-01
4.129882812499999778e-01
4.539062500000000111e-01
4.807617187500000111e-01
4.938476562499999889e-01
4.857421874999999778e-01
4.378906249999999778e-01
5.211914062500000444e-01
5.131835937500000000e-01
5.155273437499999778e-01
5.463867187500000000e-01
5.381835937500000222e-01
5.420898437500000222e-01
5.631835937500000444e-01
5.784179687499999556e-01
5.585937500000000000e-01
5.888671875000000000e-01
5.699218750000000222e-01
5.752929687500000222e-01
6.010742187500000000e-01
5.769531249999999556e-01
5.728515625000000222e-01
5.929687500000000444e-01
5.854492187500000000e-01
6.061523437500000444e-01
6.236328125000000222e-01
6.150390624999999556e-01
6.194335937499999556e-01
6.500000000000000222e-01
6.389648437499999556e-01
6.417968750000000444e-01
6.500976562500000444e-01
6.720703125000000444e-01
6.519531250000000222e-01
6.849609374999999778e-01
6.514648437500000222e-01
6.737304687499999778e-01
6.637695312500000444e-01
6.875976562500000222e-01
6.901367187500000444e-01
6.849609374999999778e-01
6.823242187500000444e-01
7.016601562500000000e-01
7.134765625000000222e-01
7.190429687499999556e-01
7.180664062499999556e-01
7.210937499999999778e-01
7.212890625000000222e-01
7.122070312499999556e-01
7.231445312500000000e-01
7.237304687500000222e-01
7.220703124999999778e-01
7.326171875000000444e-01
7.466796875000000222e-01
7.420898437499999778e-01
7.342773437499999778e-01
7.392578125000000000e-01
7.406249999999999778e-01
7.305664062500000222e-01
7.408203125000000222e-01
7.594726562500000444e-01
7.376953124999999778e-01
7.333007812499999778e-01
7.645507812499999778e-01
7.600585937499999556e-01
7.633789062500000444e-01
7.598632812500000222e-01
7.532226562499999556e-01
7.556640624999999556e-01
7.648437500000000444e-01
7.749023437500000000e-01
7.707031250000000444e-01
7.705078125000000000e-01
7.846679687500000000e-01
7.668945312499999556e-01
7.646484375000000000e-01
7.713867187499999778e-01
7.835937499999999778e-01
7.714843750000000000e-01
7.789062500000000222e-01
7.806640624999999778e-01
7.808593750000000222e-01
7.820312499999999556e-01
7.700195312500000000e-01
7.720703125000000222e-01
7.823242187500000222e-01
7.804687500000000444e-01
7.805664062499999556e-01
7.899414062499999778e-01
7.840820312499999778e-01
7.714843750000000000e-01
7.798828125000000222e-01
7.775390625000000444e-01
7.817382812500000000e-01
7.831054687499999778e-01
7.811523437499999778e-01
7.840820312499999778e-01
7.958984375000000000e-01
7.874999999999999778e-01
7.863281250000000444e-01
7.905273437500000000e-01
7.856445312500000000e-01
7.875976562500000000e-01
7.806640624999999778e-01
7.860351562499999778e-01
7.999023437500000222e-01
7.884765624999999778e-01
7.828125000000000222e-01
7.837890625000000222e-01
7.894531249999999778e-01
7.910156250000000000e-01
7.930664062500000222e-01
7.927734374999999556e-01
7.983398437500000000e-01
8.018554687500000222e-01
7.997070312499999778e-01
7.932617187499999556e-01
7.914062499999999778e-01
7.914062499999999778e-01
7.857421875000000222e-01
7.915039062500000000e-01
7.935546875000000222e-01
7.881835937500000222e-01
7.939453125000000000e-01
7.966796874999999556e-01
7.920898437500000222e-01
8.006835937499999778e-01
7.920898437500000222e-01
7.904296874999999778e-01
8.022460937500000000e-01
7.965820312500000444e-01
7.995117187500000444e-01
8.017578125000000000e-01
8.034179687500000444e-01
8.025390624999999556e-01
8.013671875000000222e-01
8.077148437500000222e-01
7.951171875000000444e-01
7.986328124999999556e-01
8.025390624999999556e-01
7.967773437499999778e-01
7.934570312500000000e-01
7.989257812500000222e-01
7.996093749999999556e-01
8.025390624999999556e-01
