2.127595846645367328e-01
2.952276357827475772e-01
2.569888178913737886e-01
3.248801916932907430e-01
3.758985623003194831e-01
3.937699680511181910e-01
4.609624600638977387e-01
4.969049520766773420e-01
5.153753993610223905e-01
5.250599041533546840e-01
5.357428115015974157e-01
5.662939297124600646e-01
5.217651757188498385e-01
5.552116613418530688e-01
5.721845047923322936e-01
5.737819488817891278e-01
6.136182108626198062e-01
6.357827476038339087e-01
6.167132587859425197e-01
6.476637380191693216e-01
6.617412140575079649e-01
6.740215654952076418e-01
6.621405750798722289e-01
6.825079872204472542e-01
6.685303514376996770e-01
6.797124600638977387e-01
6.759185303514376741e-01
3.332667731629392893e-01
4.091453674121405815e-01
5.638977635782748132e-01
6.397763578274759944e-01
6.458666134185303553e-01
6.811102236421725520e-01
7.044728434504792247e-01
7.127595846645367050e-01
7.308306709265175449e-01
7.191493610223642641e-01
7.048722044728434888e-01
6.826078274760383202e-01
7.274361022364217444e-01
7.249400958466453160e-01
7.170527156549520997e-01
7.201477635782748132e-01
7.429113418530350899e-01
6.965854632587858974e-01
7.362220447284345548e-01
7.357228434504792247e-01
7.216453674121405815e-01
7.274361022364217444e-01
7.335263578274759944e-01
7.345247603833865435e-01
7.339257188498402584e-01
7.425119808306709368e-01
7.508985623003194831e-01
7.338258785942491924e-01
7.506988817891373511e-01
7.453075079872204523e-01
7.514976038338657682e-01
7.552915335463258328e-01
7.450079872204472542e-01
7.520966453674121643e-01
7.647763578274759944e-01
7.595846645367412275e-01
7.605830670926517767e-01
7.480031948881789017e-01
7.674720447284345548e-01
7.469049520766772865e-01
7.313298722044728750e-01
7.629792332268370281e-01
7.425119808306709368e-01
7.582867412140574803e-01
7.768570287539936503e-01
7.502995207667731981e-01
7.552915335463258328e-01
7.697683706070287402e-01
7.712659744408946194e-01
5.844648562300319705e-01
7.388178913738019382e-01
7.686701277955271250e-01
7.590854632587858974e-01
7.691693290734824551e-01
7.764576677316293862e-01
7.509984025559105492e-01
7.683706070287540379e-01
7.271365814696485463e-01
7.721645367412141026e-01
7.789536741214057036e-01
7.737619808306709368e-01
7.555910543130990309e-01
7.798522364217251868e-01
7.793530351437699677e-01
7.672723642172524228e-01
7.669728434504792247e-01
7.426118210862620028e-01
7.586861022364217444e-01
7.744608626198082879e-01
7.840455271565495154e-01
7.936301916932907430e-01
7.842452076677316475e-01
7.696685303514376741e-01
7.807507987220447809e-01
7.889376996805111952e-01
7.731629392971246517e-01
7.833466453674121643e-01
7.744608626198082879e-01
7.755591054313099031e-01
7.806509584664537149e-01
7.884384984025558651e-01
7.808506389776357359e-01
8.004193290734824551e-01
7.873402555910543610e-01
7.787539936102236826e-01
7.990215654952076418e-01
6.932907348242811629e-01
7.837460063897763174e-01
7.897364217252396124e-01
7.914337060702875126e-01
7.855431309904152837e-01
7.982228434504792247e-01
7.863418530351438118e-01
7.878394568690095801e-01
7.817492012779552191e-01
7.931309904153354129e-01
7.550918530351438118e-01
7.864416932907348778e-01
7.908346645367412275e-01
7.883386581469649101e-01
7.956269968051118413e-01
7.764576677316293862e-01
7.987220447284345548e-01
7.772563897763578034e-01
8.006190095846645871e-01
7.986222044728434888e-01
7.857428115015974157e-01
7.716653354632587725e-01
7.738618210862620028e-01
7.658746006389776095e-01
7.700678913738019382e-01
7.788538338658147486e-01
7.894369009584664143e-01
7.917332268370607107e-01
7.883386581469649101e-01
7.946285942492012921e-01
7.726637380191693216e-01
8.023162939297124874e-01
7.784544728434504846e-01
7.994209265175719059e-01
7.887380191693290632e-01
7.957268370607029073e-01
7.940295527156550071e-01
