2.548828125000000000e-01
2.726562499999999889e-01
3.139648437500000000e-01
3.210937500000000111e-01
3.452148437500000000e-01
3.730468750000000000e-01
3.924804687499999778e-01
4.138671875000000111e-01
4.361328125000000222e-01
4.507812500000000222e-01
4.528320312499999889e-01
4.740234374999999778e-01
5.020507812500000222e-01
4.994140624999999778e-01
4.758789062500000111e-01
5.025390625000000222e-01
5.078125000000000000e-01
5.192382812500000444e-01
5.205078125000000000e-01
5.312500000000000000e-01
5.501953124999999778e-01
5.416992187500000444e-01
5.628906249999999778e-01
5.805664062500000000e-01
5.618164062499999556e-01
5.730468749999999556e-01
5.960937499999999778e-01
5.837890624999999556e-01
5.944335937500000444e-01
5.879882812500000222e-01
5.989257812499999556e-01
5.973632812500000444e-01
6.163085937500000222e-01
6.208007812500000444e-01
6.300781250000000444e-01
6.190429687499999778e-01
6.167968750000000222e-01
6.504882812500000222e-01
6.362304687500000000e-01
6.427734375000000444e-01
6.512695312499999778e-01
6.554687500000000444e-01
6.600585937499999778e-01
6.669921875000000000e-01
6.684570312500000000e-01
6.748046875000000000e-01
6.672851562499999556e-01
6.808593750000000444e-01
6.760742187499999556e-01
6.674804687500000000e-01
6.804687499999999556e-01
6.879882812500000000e-01
6.861328125000000222e-01
6.990234374999999556e-01
7.030273437499999778e-01
6.861328125000000222e-01
6.971679687499999778e-01
7.061523437500000222e-01
7.084960937500000000e-01
7.135742187500000444e-01
7.081054687500000222e-01
7.032226562500000222e-01
7.047851562500000444e-01
7.094726562500000000e-01
7.152343749999999778e-01
7.291992187500000444e-01
7.153320312500000000e-01
7.172851562500000000e-01
7.234374999999999556e-01
7.269531249999999778e-01
7.283203124999999556e-01
7.230468749999999778e-01
7.340820312500000444e-01
7.111328125000000444e-01
7.177734375000000000e-01
7.348632812500000000e-01
7.373046875000000000e-01
7.458984374999999556e-01
7.375000000000000444e-01
7.347656249999999778e-01
7.345703125000000444e-01
7.336914062499999556e-01
7.436523437500000000e-01
7.322265624999999556e-01
7.295898437500000222e-01
7.428710937500000444e-01
7.264648437499999778e-01
7.325195312500000222e-01
7.403320312500000222e-01
7.571289062499999556e-01
7.486328125000000222e-01
7.428710937500000444e-01
7.449218749999999556e-01
7.535156250000000222e-01
7.458984374999999556e-01
7.431640625000000000e-01
7.506835937500000444e-01
7.587890625000000000e-01
7.590820312499999556e-01
7.447265625000000222e-01
7.576171874999999556e-01
7.527343749999999556e-01
7.547851562499999778e-01
7.541992187499999556e-01
7.523437499999999778e-01
7.640624999999999778e-01
7.441406250000000000e-01
7.598632812500000222e-01
7.596679687499999778e-01
7.552734374999999778e-01
7.636718750000000000e-01
7.652343750000000222e-01
7.557617187499999778e-01
7.538085937499999778e-01
7.504882812500000000e-01
7.533203124999999778e-01
7.645507812499999778e-01
7.614257812500000444e-01
7.685546875000000000e-01
7.679687499999999778e-01
7.593750000000000222e-01
7.746093750000000444e-01
7.632812500000000222e-01
7.665039062499999778e-01
7.721679687500000444e-01
7.687500000000000444e-01
7.633789062500000444e-01
7.678710937499999556e-01
7.593750000000000222e-01
7.656250000000000000e-01
7.654296874999999556e-01
7.734375000000000000e-01
7.650390624999999778e-01
7.700195312500000000e-01
7.790039062500000444e-01
7.701171875000000222e-01
7.780273437500000444e-01
7.746093750000000444e-01
7.705078125000000000e-01
7.658203125000000444e-01
7.686523437500000222e-01
7.720703125000000222e-01
7.791992187499999778e-01
7.704101562499999778e-01
7.713867187499999778e-01
7.720703125000000222e-01
7.709960937500000000e-01
7.770507812500000444e-01
7.763671875000000000e-01
7.737304687499999556e-01
