2.647058823529411797e-01
3.295098039215686447e-01
3.751960784313725372e-01
4.137254901960784048e-01
4.678431372549019529e-01
4.699999999999999734e-01
4.991176470588235548e-01
5.023529411764705577e-01
4.967647058823529416e-01
4.888235294117647123e-01
5.334313725490196223e-01
5.452941176470588180e-01
5.367647058823529216e-01
5.558823529411764941e-01
5.245098039215686514e-01
5.550000000000000488e-01
5.543137254901960853e-01
5.324509803921568807e-01
5.292156862745097667e-01
5.548039215686274561e-01
5.649999999999999467e-01
5.590196078431372007e-01
5.716666666666666563e-01
5.883333333333333748e-01
5.754901960784313264e-01
5.995098039215686070e-01
5.982352941176470873e-01
5.741176470588235103e-01
6.223529411764705532e-01
6.258823529411764452e-01
6.061764705882353166e-01
6.199999999999999956e-01
6.313725490196078205e-01
6.249019607843137036e-01
6.385294117647059009e-01
6.370588235294117885e-01
6.426470588235294601e-01
6.600000000000000311e-01
6.250980392156862964e-01
6.381372549019608265e-01
6.171568627450980671e-01
6.603921568627451055e-01
6.805882352941176050e-01
6.607843137254901800e-01
6.679411764705882604e-01
6.663725490196078516e-01
6.805882352941176050e-01
6.781372549019607510e-01
6.665686274509804443e-01
6.964705882352940636e-01
6.891176470588235015e-01
6.960784313725489891e-01
6.828431372549019773e-01
6.816666666666666430e-01
7.027450980392156987e-01
6.937254901960784315e-01
7.072549019607843324e-01
6.968627450980392490e-01
6.830392156862744590e-01
7.062745098039215907e-01
7.047058823529411820e-01
6.914705882352941702e-01
7.133333333333333748e-01
7.152941176470588580e-01
7.149999999999999689e-01
7.247058823529411997e-01
7.163725490196078960e-01
7.260784313725490158e-01
7.220588235294117530e-01
7.354901960784313575e-01
7.360784313725490247e-01
7.310784313725490202e-01
7.176470588235294157e-01
7.347058823529412086e-01
7.307843137254902421e-01
7.252941176470588669e-01
7.320588235294117618e-01
7.298039215686275005e-01
7.441176470588235503e-01
7.266666666666666829e-01
7.514705882352941124e-01
7.484313725490195912e-01
7.457843137254901444e-01
7.491176470588235548e-01
7.492156862745098511e-01
7.477450980392157387e-01
7.406862745098039547e-01
7.604901960784313797e-01
7.482352941176471095e-01
7.623529411764705666e-01
7.482352941176471095e-01
7.391176470588235459e-01
7.513725490196078161e-01
7.581372549019608220e-01
7.601960784313726016e-01
7.645098039215686425e-01
7.606862745098039724e-01
7.542156862745098556e-01
7.542156862745098556e-01
7.557843137254901533e-01
7.500000000000000000e-01
7.483333333333332948e-01
7.645098039215686425e-01
7.651960784313724950e-01
7.690196078431372761e-01
7.635294117647059009e-01
7.582352941176470074e-01
7.668627450980392002e-01
7.607843137254901578e-01
7.700000000000000178e-01
7.668627450980392002e-01
7.495098039215686292e-01
7.756862745098038747e-01
7.721568627450980937e-01
7.712745098039215375e-01
7.757843137254901711e-01
7.706862745098038703e-01
7.706862745098038703e-01
7.643137254901960498e-01
7.703921568627450922e-01
7.756862745098038747e-01
7.905882352941175917e-01
7.770588235294118018e-01
7.732352941176470207e-01
7.825490196078431770e-01
7.779411764705882470e-01
7.876470588235293668e-01
7.809803921568627683e-01
7.794117647058823595e-01
7.742156862745097623e-01
7.810784313725490646e-01
7.811764705882352500e-01
7.851960784313725128e-01
7.757843137254901711e-01
7.808823529411764719e-01
7.754901960784313930e-01
7.777450980392156543e-01
7.807843137254901755e-01
7.867647058823529216e-01
7.877450980392156632e-01
7.774509803921568762e-01
7.869607843137255143e-01
7.819607843137255099e-01
7.807843137254901755e-01
7.876470588235293668e-01
7.921568627450980005e-01
7.945098039215686692e-01
7.927450980392156676e-01
7.877450980392156632e-01
7.819607843137255099e-01
