3.418590764331210230e-01
4.617834394904458684e-01
4.883558917197452498e-01
4.931329617834395163e-01
5.533439490445859477e-01
5.363256369426752102e-01
5.916600318471337827e-01
5.836982484076432831e-01
5.913614649681528945e-01
6.110668789808917367e-01
6.263933121019108485e-01
6.060907643312102300e-01
6.366441082802547502e-01
6.520700636942675654e-01
6.432125796178344013e-01
6.746616242038216971e-01
6.673964968152866772e-01
6.761544585987261380e-01
6.817277070063694211e-01
6.730692675159235527e-01
6.871019108280255194e-01
7.054140127388535131e-01
6.831210191082802696e-01
6.828224522292993814e-01
7.015326433121018557e-01
7.180533439490446312e-01
7.146695859872611578e-01
7.110867834394904996e-01
7.043192675159235527e-01
7.171576433121018557e-01
7.102906050955414274e-01
7.105891719745223156e-01
7.273089171974522760e-01
7.139729299363056780e-01
7.186504777070064076e-01
7.222332802547770658e-01
7.374601910828025852e-01
7.240246815286623949e-01
7.362659235668790325e-01
7.313893312101911182e-01
7.365644904458599207e-01
7.433320063694267565e-01
7.429339171974522760e-01
7.346735668789808882e-01
7.387539808917197304e-01
7.382563694267515464e-01
7.457205414012738620e-01
7.380573248407643616e-01
7.307921974522293418e-01
7.376592356687897700e-01
7.481090764331209675e-01
7.566679936305732435e-01
7.332802547770700397e-01
7.370621019108279937e-01
7.336783439490446312e-01
7.421377388535032038e-01
7.294984076433120856e-01
7.386544585987261380e-01
7.420382165605095004e-01
7.457205414012738620e-01
7.465167197452229342e-01
7.385549363057324346e-01
7.362659235668790325e-01
7.357683121019108485e-01
7.536823248407643616e-01
7.492038216560509278e-01
7.348726114649681840e-01
7.484076433121018557e-01
7.353702229299362569e-01
7.415406050955414274e-01
7.531847133757961776e-01
7.472133757961783029e-01