2.574218750000000222e-01
2.896484375000000222e-01
3.092773437499999889e-01
3.428710937500000222e-01
3.656249999999999778e-01
3.958007812500000111e-01
3.743164062500000111e-01
4.308593749999999889e-01
4.405273437500000222e-01
4.529296875000000111e-01
4.665039062499999889e-01
4.646484375000000111e-01
4.749999999999999778e-01
5.083984375000000222e-01
4.997070312499999889e-01
5.199218749999999778e-01
5.034179687500000000e-01
5.057617187499999778e-01
5.220703125000000222e-01
5.303710937500000222e-01
5.324218750000000444e-01
5.290039062500000444e-01
5.472656249999999778e-01
5.429687500000000000e-01
5.623046874999999556e-01
5.622070312500000444e-01
5.656250000000000444e-01
5.627929687499999556e-01
5.816406250000000222e-01
5.801757812500000222e-01
5.626953125000000444e-01
5.861328125000000444e-01
6.007812500000000444e-01
6.004882812499999778e-01
6.036132812500000222e-01
6.071289062500000444e-01
6.171875000000000000e-01
6.302734374999999778e-01
6.323242187500000000e-01
6.316406249999999556e-01
6.251953125000000444e-01
6.461914062500000444e-01
6.509765625000000222e-01
6.484375000000000000e-01
6.522460937499999778e-01
6.697265624999999556e-01
6.622070312500000222e-01
6.607421875000000222e-01
6.702148437499999556e-01
6.712890624999999778e-01
6.856445312500000222e-01
6.730468750000000444e-01
6.809570312499999556e-01
6.810546874999999778e-01
6.910156250000000222e-01
6.713867187500000000e-01
6.902343749999999556e-01
6.980468749999999556e-01
6.983398437500000222e-01
7.100585937500000222e-01
7.039062499999999556e-01
7.113281249999999778e-01
7.065429687500000000e-01
7.125976562500000444e-01
7.154296875000000222e-01
7.180664062499999556e-01
7.162109374999999778e-01
7.216796875000000000e-01
7.201171874999999778e-01
7.271484375000000222e-01
7.264648437499999778e-01
7.108398437499999778e-01
7.155273437500000444e-01
7.207031250000000000e-01
7.175781249999999556e-01
7.339843750000000222e-01
7.264648437499999778e-01
7.123046874999999778e-01
7.275390625000000000e-01
7.278320312499999556e-01
7.343750000000000000e-01
7.352539062499999778e-01
7.299804687500000000e-01
7.251953125000000222e-01
7.215820312499999778e-01
7.377929687500000000e-01
7.406249999999999778e-01
7.338867187500000000e-01
7.352539062499999778e-01
7.298828124999999778e-01
7.416992187500000000e-01
7.392578125000000000e-01
7.421875000000000000e-01
7.409179687500000444e-01
7.468749999999999556e-01
7.454101562499999556e-01
7.477539062500000444e-01
7.476562500000000222e-01
7.432617187500000222e-01
7.495117187500000000e-01
7.408203125000000222e-01
7.481445312500000222e-01
7.431640625000000000e-01
7.513671874999999778e-01
7.586914062499999778e-01
7.490234375000000000e-01
7.472656250000000444e-01
7.554687500000000222e-01
7.426757812500000000e-01
7.455078124999999778e-01
7.567382812499999778e-01
7.403320312500000222e-01
7.548828125000000000e-01
7.554687500000000222e-01
7.528320312499999778e-01
7.440429687499999778e-01
7.455078124999999778e-01
7.559570312500000222e-01
7.467773437500000444e-01
7.557617187499999778e-01
7.609375000000000444e-01
7.581054687499999556e-01
7.551757812499999556e-01
7.578125000000000000e-01
7.585937499999999556e-01
7.559570312500000222e-01
7.591796874999999778e-01
7.600585937499999556e-01
7.503906249999999778e-01
7.613281250000000222e-01
7.713867187499999778e-01
7.637695312500000222e-01
7.680664062500000000e-01
7.542968749999999778e-01
7.632812500000000222e-01
7.643554687500000444e-01
7.650390624999999778e-01
7.601562499999999778e-01
7.670898437500000000e-01
7.640624999999999778e-01
7.643554687500000444e-01
7.591796874999999778e-01
7.620117187499999556e-01
7.664062499999999556e-01
7.692382812500000444e-01
7.568359375000000000e-01
7.632812500000000222e-01
7.633789062500000444e-01
7.605468749999999556e-01
7.691406250000000222e-01
7.611328124999999778e-01
7.641601562500000000e-01
7.641601562500000000e-01
