2.474609375000000056e-01
3.492187500000000222e-01
3.483398437499999889e-01
3.876953125000000000e-01
3.888671874999999889e-01
3.946289062500000222e-01
4.396484374999999889e-01
4.472656250000000000e-01
4.963867187500000111e-01
4.435546874999999889e-01
5.044921875000000222e-01
5.061523437499999556e-01
5.366210937500000000e-01
5.365234374999999778e-01
5.433593749999999778e-01
5.429687500000000000e-01
5.370117187499999778e-01
5.473632812500000000e-01
5.429687500000000000e-01
5.895507812500000444e-01
5.668945312500000000e-01
5.955078124999999556e-01
6.267578124999999556e-01
5.872070312499999556e-01
6.303710937500000000e-01
6.000976562500000000e-01
6.373046875000000222e-01
6.455078125000000000e-01
6.610351562499999778e-01
6.595703124999999778e-01
6.402343750000000222e-01
6.700195312500000222e-01
6.992187500000000000e-01
7.059570312499999778e-01
6.894531250000000000e-01
6.892578124999999556e-01
6.802734375000000222e-01
6.980468749999999556e-01
7.182617187500000000e-01
6.939453125000000222e-01
7.098632812499999778e-01
7.020507812499999778e-01
7.151367187499999556e-01
7.234374999999999556e-01
7.317382812499999556e-01
7.202148437500000000e-01
7.307617187499999556e-01
7.279296874999999778e-01
7.381835937499999778e-01
7.436523437500000000e-01
7.174804687500000444e-01
7.342773437499999778e-01
7.381835937499999778e-01
7.473632812499999556e-01
7.610351562499999556e-01
7.494140624999999778e-01
7.576171874999999556e-01
7.414062500000000444e-01
7.525390625000000222e-01
7.495117187500000000e-01
7.541992187499999556e-01
7.709960937500000000e-01
7.568359375000000000e-01
7.701171875000000222e-01
7.681640625000000222e-01
7.603515625000000222e-01
7.638671875000000444e-01
7.593750000000000222e-01
7.817382812500000000e-01
7.584960937500000444e-01
7.717773437499999556e-01
7.675781250000000000e-01
7.699218749999999778e-01
7.735351562500000222e-01
7.718749999999999778e-01
7.718749999999999778e-01
7.666015625000000000e-01
7.791992187499999778e-01
7.797851562500000000e-01
7.763671875000000000e-01
7.666015625000000000e-01
7.864257812499999556e-01
7.658203125000000444e-01
7.793945312500000222e-01
7.800781249999999556e-01
7.866210937500000000e-01
7.814453125000000444e-01
7.779296875000000222e-01
7.861328125000000000e-01
7.724609375000000000e-01
7.861328125000000000e-01
7.814453125000000444e-01
7.892578125000000444e-01
7.810546874999999556e-01
7.731445312500000444e-01
7.736328125000000444e-01
7.796874999999999778e-01
7.880859375000000000e-01
7.739257812500000000e-01
7.834960937499999556e-01
7.906250000000000222e-01
7.940429687500000222e-01
7.940429687500000222e-01
7.890625000000000000e-01
7.840820312499999778e-01
7.822265625000000000e-01
7.950195312500000222e-01
7.912109375000000444e-01
7.863281250000000444e-01
7.928710937499999778e-01
7.817382812500000000e-01
7.879882812499999778e-01
7.874999999999999778e-01
7.902343750000000444e-01
7.900390625000000000e-01
7.886718750000000222e-01
7.895507812500000000e-01
7.927734374999999556e-01
8.015624999999999556e-01
7.917968749999999556e-01
7.869140624999999556e-01
7.916015625000000222e-01
7.902343750000000444e-01
7.903320312499999556e-01
8.004882812500000444e-01
7.936523437500000444e-01
7.924804687500000000e-01
7.892578125000000444e-01
7.908203124999999556e-01
7.895507812500000000e-01
7.889648437499999778e-01
8.022460937500000000e-01
7.994140625000000222e-01
8.005859374999999556e-01
7.916992187500000444e-01
7.978515625000000000e-01
7.945312500000000222e-01
7.926757812500000444e-01
7.948242187499999778e-01
7.916015625000000222e-01
7.934570312500000000e-01
8.011718749999999778e-01
7.946289062500000444e-01
7.975585937500000444e-01
7.935546875000000222e-01
7.931640625000000444e-01
8.013671875000000222e-01
8.052734375000000222e-01
7.960937500000000444e-01
7.988281250000000000e-01
7.985351562500000444e-01
8.046875000000000000e-01
7.740234375000000222e-01
7.926757812500000444e-01
7.958984375000000000e-01
8.076171875000000000e-01
8.011718749999999778e-01
8.041015624999999778e-01
8.049804687499999556e-01
8.055664062499999778e-01
8.025390624999999556e-01
8.029296875000000444e-01
8.013671875000000222e-01
7.945312500000000222e-01
7.971679687499999556e-01
8.039062500000000444e-01
7.960937500000000444e-01
7.965820312500000444e-01
7.963867187500000000e-01
7.952148437499999556e-01
7.877929687500000444e-01
7.990234375000000444e-01
7.969726562500000222e-01
8.013671875000000222e-01
7.981445312499999556e-01
7.986328124999999556e-01
8.034179687500000444e-01
7.945312500000000222e-01
8.049804687499999556e-01
7.986328124999999556e-01
7.952148437499999556e-01
8.033203125000000222e-01
7.906250000000000222e-01
8.063476562500000444e-01
7.979492187500000222e-01
8.015624999999999556e-01
8.039062500000000444e-01
8.032226562500000000e-01
8.017578125000000000e-01
7.898437499999999556e-01
8.030273437499999556e-01
8.006835937499999778e-01
8.051757812500000000e-01
8.014648437500000444e-01
8.045898437499999778e-01
7.956054687500000444e-01
8.097656250000000444e-01
8.088867187499999556e-01
8.053710937500000444e-01
8.033203125000000222e-01
