3.625199680511181910e-01
4.823282747603833687e-01
5.138777955271565112e-01
5.352436102236421966e-01
5.314496805111821320e-01
5.851637380191693216e-01
5.443290734824280941e-01
5.804712460063897739e-01
6.228035143769967696e-01
6.223043130990415506e-01
6.283945686900958005e-01
6.288937699680511306e-01
6.442691693290735211e-01
6.589456869009584494e-01
6.584464856230032304e-01
6.432707667731629719e-01
6.669329073482428427e-01
6.673322683706069958e-01
6.869009584664537149e-01
6.762180511182108722e-01
6.729233226837060267e-01
6.754193290734824551e-01
6.848043130990415506e-01
6.890974440894568342e-01
7.030750798722045225e-01
7.005790734824280941e-01
6.820087859424920351e-01
7.004792332268370281e-01
6.998801916932907430e-01
7.104632587859425197e-01
7.094648562300319705e-01
7.137579872204472542e-01
7.193490415335462851e-01
7.189496805111821320e-01
7.087659744408946194e-01
7.091653354632587725e-01
7.179512779552715829e-01
7.185503194888178680e-01
7.219448881789137795e-01
7.048722044728434888e-01
7.203474440894568342e-01
7.353234824281149606e-01
7.255391373801917121e-01
7.367212460063897739e-01
7.326277955271565112e-01
7.311301916932907430e-01
7.212460063897763174e-01
7.291333865814696447e-01
7.290335463258785786e-01
7.145567092651756713e-01
7.362220447284345548e-01
7.328274760383386432e-01
7.251397763578274480e-01
7.319289137380191601e-01
7.121605431309904199e-01
7.354233226837060267e-01
7.284345047923322936e-01
7.408146964856230365e-01
7.311301916932907430e-01
7.326277955271565112e-01
7.144568690095847163e-01
7.314297124600639410e-01
7.304313099041533919e-01
7.449081469648561882e-01
7.425119808306709368e-01
7.342252396166134565e-01
7.413138977635782556e-01
7.394169329073482233e-01
7.337260383386581264e-01
7.465055910543131334e-01
7.320287539936102261e-01
7.312300319488818090e-01
7.290335463258785786e-01
7.396166134185303553e-01
7.396166134185303553e-01
7.467052715654951545e-01
7.388178913738019382e-01
7.392172523961660913e-01
7.462060702875399354e-01
7.372204472843449929e-01
