9.826000000000000512e+01
9.859000000000000341e+01
9.862000000000000455e+01
9.865000000000000568e+01
9.857999999999999829e+01
9.867000000000000171e+01
9.879000000000000625e+01
9.867000000000000171e+01
9.884000000000000341e+01
9.879999999999999716e+01
9.879999999999999716e+01
9.875000000000000000e+01
9.884999999999999432e+01
9.878000000000000114e+01
9.876999999999999602e+01
9.884000000000000341e+01
9.881999999999999318e+01
9.881000000000000227e+01
9.868000000000000682e+01
9.876999999999999602e+01
9.871999999999999886e+01
9.870000000000000284e+01
9.871999999999999886e+01
9.870999999999999375e+01
9.875000000000000000e+01
9.867000000000000171e+01
9.868000000000000682e+01
9.856000000000000227e+01
9.859000000000000341e+01
9.862000000000000455e+01
9.854999999999999716e+01
9.856000000000000227e+01
9.842000000000000171e+01
9.826000000000000512e+01
9.840999999999999659e+01
9.848000000000000398e+01
9.826000000000000512e+01
9.851999999999999602e+01
9.835999999999999943e+01
9.835999999999999943e+01
9.842000000000000171e+01
9.829000000000000625e+01
9.820000000000000284e+01
9.804999999999999716e+01
9.826999999999999602e+01
9.818000000000000682e+01
9.812999999999999545e+01
9.812000000000000455e+01
9.809000000000000341e+01
9.796999999999999886e+01
9.804999999999999716e+01
9.821999999999999886e+01
9.804000000000000625e+01
9.789000000000000057e+01
9.790000000000000568e+01
9.710999999999999943e+01
9.760999999999999943e+01
9.751999999999999602e+01
9.731000000000000227e+01
9.721999999999999886e+01
9.767000000000000171e+01
9.770000000000000284e+01
9.762999999999999545e+01
9.754999999999999716e+01
9.754999999999999716e+01
9.676000000000000512e+01
9.748000000000000398e+01
9.743000000000000682e+01
9.704000000000000625e+01
9.743000000000000682e+01
9.706000000000000227e+01
9.742000000000000171e+01
9.704999999999999716e+01
9.726999999999999602e+01
9.689000000000000057e+01
9.587999999999999545e+01
9.687999999999999545e+01
9.581000000000000227e+01
9.682999999999999829e+01
9.687999999999999545e+01
9.701999999999999602e+01
9.621999999999999886e+01
9.657999999999999829e+01
9.603000000000000114e+01
9.634999999999999432e+01
9.698999999999999488e+01
9.562000000000000455e+01
9.629000000000000625e+01
9.617000000000000171e+01
9.646999999999999886e+01
9.646999999999999886e+01
9.534999999999999432e+01
9.632999999999999829e+01
9.573999999999999488e+01
9.604000000000000625e+01
9.584000000000000341e+01
9.650000000000000000e+01
9.568000000000000682e+01
9.601000000000000512e+01
9.531999999999999318e+01
9.118000000000000682e+01
9.629999999999999716e+01
9.500000000000000000e+01
9.553000000000000114e+01
9.637999999999999545e+01
9.515000000000000568e+01
9.545999999999999375e+01
9.292000000000000171e+01
9.578000000000000114e+01
9.451000000000000512e+01
9.485999999999999943e+01
9.301000000000000512e+01
8.787999999999999545e+01
9.348999999999999488e+01
9.412000000000000455e+01
9.465000000000000568e+01
9.453000000000000114e+01
9.553000000000000114e+01
9.306000000000000227e+01
7.826000000000000512e+01
9.453000000000000114e+01
9.495000000000000284e+01
9.243999999999999773e+01
9.457999999999999829e+01
9.457999999999999829e+01
8.095000000000000284e+01
9.343999999999999773e+01
9.384000000000000341e+01
9.401999999999999602e+01
9.207999999999999829e+01
9.289000000000000057e+01
9.451000000000000512e+01
9.062999999999999545e+01
9.471999999999999886e+01
8.981000000000000227e+01
8.457999999999999829e+01
9.410999999999999943e+01
9.120999999999999375e+01
9.140999999999999659e+01
9.462999999999999545e+01
9.348999999999999488e+01
9.320000000000000284e+01
9.262999999999999545e+01
9.454000000000000625e+01
9.339000000000000057e+01
9.462000000000000455e+01
9.242000000000000171e+01
9.256999999999999318e+01
9.285999999999999943e+01
4.242999999999999972e+01
