95.91000
96.92000
97.29000
96.73000
97.66000
97.59000
97.56000
97.20000
97.66000
97.30000
97.71000
97.87000
97.98000
97.82000
97.61000
97.85000
97.87000
97.75000
97.87000
97.66000
97.85000
97.86000
97.81000
97.89000
97.89000
97.84000
97.79000
98.12000
97.63000
97.59000
97.91000
97.99000
97.97000
97.86000
97.75000
97.89000
98.07000
98.25000
97.67000
98.04000
97.85000
98.05000
98.14000
98.07000
98.03000
97.92000
97.96000
97.92000
98.17000
98.33000
98.11000
98.19000
98.19000
98.12000
98.13000
98.25000
98.22000
98.16000
98.03000
98.02000
98.29000
98.27000
98.26000
98.24000
98.32000
98.45000
98.24000
98.41000
98.24000
98.42000
98.40000
98.36000
98.29000
98.28000
98.28000
98.39000
98.54000
98.31000
98.47000
98.37000
98.09000
98.50000
98.48000
98.57000
98.30000
98.56000
98.45000
98.52000
98.35000
98.50000
98.47000
98.62000
98.41000
98.29000
98.48000
98.61000
98.63000
98.40000
98.59000
98.65000
98.59000
98.66000
98.49000
98.62000
98.62000
98.71000
98.66000
98.66000
98.57000
98.63000
98.57000
98.61000
98.75000
98.74000
98.77000
98.69000
98.68000
98.78000
98.85000
98.76000
98.72000
98.79000
98.77000
98.83000
98.84000
98.87000
98.88000
98.80000
98.94000
98.85000
98.91000
98.85000
98.81000
98.91000
98.90000
98.89000
98.91000
98.92000
98.84000
98.90000
98.88000
98.92000
98.91000
98.93000
98.92000
98.93000
98.93000
98.93000
98.94000
98.94000
